2550	
Efetivada	R$ 4,50
04
11
33
37
40
48
2550	
Efetivada	R$ 4,50
03
15
17
20
31
36
2550	
Efetivada	R$ 4,50
01
19
24
46
49
55
2550	
Efetivada	R$ 4,50
14
15
31
34
40
55
2550	
Efetivada	R$ 4,50
01
02
11
22
25
52
2550	
Efetivada	R$ 4,50
03
07
13
21
29
36
2550	
Efetivada	R$ 4,50
02
04
09
10
17
22
2550	
Efetivada	R$ 4,50
09
15
16
34
37
42
2550	
Efetivada	R$ 4,50
01
10
12
15
28
30
2550	
Efetivada	R$ 4,50
04
15
24
38
42
60
2550	
Efetivada	R$ 4,50
09
38
44
49
53
60
2550	
Efetivada	R$ 4,50
04
12
37
44
51
60
2550	
Efetivada	R$ 4,50
07
30
31
34
53
54
2550	
Efetivada	R$ 4,50
07
13
23
29
31
35
2550	
Efetivada	R$ 4,50
03
16
21
28
46
49
2550	
Efetivada	R$ 4,50
09
10
40
52
57
58
2550	
Efetivada	R$ 4,50
18
23
38
39
45
46
2550	
Efetivada	R$ 4,50
12
18
25
31
52
59
2550	
Efetivada	R$ 4,50
04
08
11
17
48
54
2550	
Efetivada	R$ 4,50
11
28
43
44
45
59
2550	
Efetivada	R$ 4,50
20
38
43
46
52
58
2550	
Efetivada	R$ 4,50
03
13
23
44
48
56
2550	
Efetivada	R$ 4,50
01
04
12
34
46
58
2550	
Efetivada	R$ 4,50
01
05
11
13
39
47
2550	
Efetivada	R$ 4,50
05
24
27
38
42
54
2550	
Efetivada	R$ 4,50
07
08
30
35
42
49
2550	
Efetivada	R$ 4,50
12
25
32
40
47
50
2550	
Efetivada	R$ 4,50
17
27
40
50
52
57
2550	
Efetivada	R$ 4,50
05
07
08
10
20
22
2550	
Efetivada	R$ 4,50
03
09
17
40
47
60
2550	
Efetivada	R$ 4,50
12
20
31
44
56
58
2550	
Efetivada	R$ 4,50
02
07
23
36
51
60
2550	
Efetivada	R$ 4,50
01
03
31
33
52
54
2550	
Efetivada	R$ 4,50
03
05
10
23
36
40
2550	
Efetivada	R$ 4,50
11
29
36
51
55
60
2550	
Efetivada	R$ 4,50
10
18
22
44
48
54
2550	
Efetivada	R$ 4,50
04
06
09
28
29
33
2550	
Efetivada	R$ 4,50
01
08
09
17
20
38
2550	
Efetivada	R$ 4,50
10
15
23
36
47
52
2550	
Efetivada	R$ 4,50
09
10
15
18
23
25
2550	
Efetivada	R$ 4,50
12
16
22
24
29
44
2550	
Efetivada	R$ 4,50
02
11
18
37
45
54
2550	
Efetivada	R$ 4,50
02
04
06
11
22
60
2550	
Efetivada	R$ 4,50
05
09
19
28
37
51
2550	
Efetivada	R$ 4,50
05
10
27
30
42
54
2550	
Efetivada	R$ 4,50
02
11
12
21
22
27
2550	
Efetivada	R$ 4,50
07
13
17
21
27
33
2550	
Efetivada	R$ 4,50
01
10
16
30
31
57
2550	
Efetivada	R$ 4,50
08
23
28
30
50
57
2550	
Efetivada	R$ 4,50
03
30
35
36
40
54
2550	
Efetivada	R$ 4,50
08
16
17
28
48
53
2550	
Efetivada	R$ 4,50
03
08
14
23
40
45
