2670	Efetivada	R$ 4,50
01
06
17
22
24
35
2670	Efetivada	R$ 5,00
02
22
28
31
36
53
2670	Efetivada	R$ 5,00
03
09
21
30
47
51
2670	Efetivada	R$ 5,00
07
17
40
54
55
60
2670	Efetivada	R$ 5,00
03
04
13
19
31
33
2670	Efetivada	R$ 5,00
11
24
29
35
40
43
2670	Efetivada	R$ 5,00
10
20
29
35
36
42
2670	Efetivada	R$ 5,00
01
06
13
39
56
58
2670	Efetivada	R$ 5,00
06
12
21
25
32
46
2670	Efetivada	R$ 5,00
16
21
30
36
41
42
2670	Efetivada	R$ 5,00
02
12
24
32
39
49
2670	Efetivada	R$ 5,00
06
08
15
23
36
50
2670	Efetivada	R$ 5,00
05
12
13
19
24
29
2670	Efetivada	R$ 5,00
11
13
30
44
46
55
2670	Efetivada	R$ 5,00
05
09
10
33
53
59
2670	Efetivada	R$ 5,00
04
10
24
29
48
58
2670	Efetivada	R$ 5,00
27
30
40
42
44
45
2670	Efetivada	R$ 5,00
10
13
23
54
56
58
2670	Efetivada	R$ 5,00
06
09
11
14
50
55
2670	Efetivada	R$ 5,00
02
16
23
39
45
49
2670	Efetivada	R$ 5,00
04
05
30
33
41
52
2670	Efetivada	R$ 5,00
01
05
06
27
41
59
2670	Efetivada	R$ 5,00
09
10
15
18
23
25
2670	Efetivada	R$ 5,00
06
40
45
46
50
60
2670	Efetivada	R$ 5,00
03
06
20
23
26
27
2670	Efetivada	R$ 5,00
01
17
31
34
36
58
2670	Efetivada	R$ 5,00
02
20
28
37
45
47
2670	Efetivada	R$ 5,00
05
12
17
33
35
59
2670	Efetivada	R$ 5,00
01
16
19
23
34
43
2670	Efetivada	R$ 5,00
15
22
24
39
43
44
2670	Efetivada	R$ 5,00
15
17
22
44
46
49
2670	Efetivada	R$ 5,00
02
08
16
32
47
54
2670	Efetivada	R$ 5,00
17
19
23
30
39
58
2670	Efetivada	R$ 5,00
02
05
10
20
28
34
2670	Efetivada	R$ 5,00
02
03
04
05
07
09
2670	Efetivada	R$ 5,00
04
09
11
16
42
48
2670	Efetivada	R$ 5,00
07
08
09
11
13
36
2670	Efetivada	R$ 5,00
08
13
16
26
50
59
2670	Efetivada	R$ 5,00
03
10
18
40
50
60
2670	Efetivada	R$ 5,00
01
03
50
53
57
58
2670	Efetivada	R$ 5,00
08
16
20
37
38
43
2670	Efetivada	R$ 5,00
11
12
31
33
43
48
2670	Efetivada	R$ 5,00
09
13
19
21
26
39
2670	Efetivada	R$ 5,00
02
05
12
23
36
46
2670	Efetivada	R$ 5,00
12
15
21
29
30
33
2670	Efetivada	R$ 5,00
10
12
18
20
23
27
2670	Efetivada	R$ 5,00
10
11
29
30
36
47
2670	Efetivada	R$ 5,00
01
05
17
19
32
47
2670	Efetivada	R$ 5,00
14
16
17
26
39
54
2670	Efetivada	R$ 5,00
09
17
34
52
55
57
2670	Efetivada	R$ 5,00
05
09
29
31
51
58
2670	Efetivada	R$ 5,00
03
23
41
42
48
56
2670	Efetivada	R$ 5,00
05
07
14
23
33
37
2670	Efetivada	R$ 5,00
03
10
16
26
53
60
2670	Efetivada	R$ 5,00
09
37
39
41
43
49
2670	Efetivada	R$ 5,00
08
10
45
46
50
58
2670	Efetivada	R$ 5,00
14
16
22
26
27
30
2670	Efetivada	R$ 5,00
06
07
08
09
17
20
2670	Efetivada	R$ 5,00
16
20
28
34
48
56
2670	Efetivada	R$ 5,00
22
24
31
41
48
49
2670	Efetivada	R$ 5,00